population_id,1970,1971,1972,1973,1974,1975,1976,1977,1978,1979,1980,1981,1982,1983,1984,1985,1986,1987,1988,1989,1990,1991,1992,1993,1994,1995,1996,1997,1998,1999,2000,2001,2002,2003,2004,2005,2006,2007,2008
1945,1,0.000533578929841294,0.00053357892984085,0.000533578929841294,0.00053357892984085,0.000533578929841294,0.00053357892984085,0.000533578929841294,0.000533578929841294,0.00053357892984085,0.000533578929841294,0.00053357892984085,0.000533578929841294,0.00053357892984085,0.000533578929841294,0.000533578929841294,-1,-1,-1,-1,-1,-1,-1,-1,-1,-1,-1,-1,-1,-1,-1,-1,-1,-1,-1,-1,-1,-1,-1
1927,1,-1,-1,-1,-1,-0.0156899975383711,-0.0156899975383711,-0.015689997538372,-0.0156899975383711,-0.0156899975383711,-0.0156899975383711,-0.015689997538372,-0.0156899975383711,-0.0156899975383711,-0.0156899975383711,-0.015689997538372,-0.0156899975383711,-0.0156899975383711,-0.0156899975383711,-0.015689997538372,-0.0156899975383711,-0.0156899975383711,-0.0156899975383711,-0.015689997538372,-0.0156899975383711,-0.0156899975383711,-1,-1,-1,-1,-1,-1,-1,-1,-1,-1,-1,-1,-1
8095,1,-1,-1,-1,-1,-1,-1,-1,-1,-1,-1,-1,-1,-1,-1,-1,-1,-1,-1,0.0709833860610711,0.0867963324541885,0.149683595895231,0.266644477304756,0.38647413614076,0.436826176807345,0.390607695415219,0.282244196289169,0.162284990908518,0.0534371000560634,-0.0465968498287683,-0.139236148643486,-0.216771901617972,-0.268939790495492,-0.280679017955885,-0.229778355171321,-0.110370663749403,0.0348081192157355,0.129997551430131,-1
8238,1,-1,-1,-1,-1,-1,-1,-1,-1,-1,-1,-1,-1,-1,-1,-1,-1,-1,-1,-1,-1,-1,-1,-1,-1,-1,-1,0.0812785877422636,0.0483325353825274,0.00721683023175534,-0.00867620158444149,0.00568021126553953,0.0211501704834383,0.00844198638296423,-0.026715636513965,-0.0468599171415846,-0.0226821730100263,0.0329470347708098,0.0761122834151985
8101,1,-1,-1,-1,-1,-1,-1,-1,-1,-1,-1,-1,-1,-1,-1,-1,-1,-1,-1,0.00515037706576921,0.00515037706563395,0.0051503770654669,0.00515037706535831,0.00515037706523655,0.00515037706491544,0.00515037706427718,0.00515037706336753,0.00515037706232582,0.00515037706127703,0.00515037706031475,0.00515037705953841,0.00515037705903371,0.00515037705879367,0.00515037705869067,0.00515037705856301,0.00515037705834032,0.00515037705808824,0.00515037705792956,-1
8111,1,-1,-1,-1,-1,-1,-1,-1,-1,-1,-1,-1,-1,-1,-1,-1,-1,-1,-1,-1,-1,-1,-1,-1,-1,-1,-1,-0.0130936183316415,-0.0130936183316424,-0.0130936183316415,-0.0130936183316424,-0.0130936183316415,-0.0130936183316415,-0.0130936183316424,-0.0130936183316415,-0.0130936183316415,-0.0130936183316424,-0.0130936183316415,-0.0130936183316415
8236,1,-1,-1,-1,-1,-1,-1,-1,-1,-1,-1,-1,-1,-1,-1,-1,-1,-1,-1,-1,-1,-1,-1,-1,-1,-1,-1,-0.0808945536270675,-0.0808945536269665,-0.0808945536268495,-0.0808945536268495,-0.0808945536270298,-0.0808945536273458,-0.0808945536276888,-0.0808945536279781,-0.0808945536281964,-0.0808945536283607,-0.0808945536284789,-0.080894553628539
8244,1,-1,-1,-1,-1,-1,-1,-1,-1,-1,-1,-1,-1,-1,-1,-1,-1,-1,-1,-1,-1,-1,-1,-1,-1,-1,-1,0.110535001416755,0.0977096686437701,0.073003417481607,0.0420777208517133,0.0119784150831285,-0.0122641096568465,-0.028272632130196,-0.0355289071567951,-0.0349348276565164,-0.0290972877007264,-0.0221368381171177,-0.0179093808291125
8245,1,-1,-1,-1,-1,-1,-1,-1,-1,-1,-1,-1,-1,-1,-1,-1,-1,-1,-1,-1,-1,-1,-1,-1,-1,-1,-1,0.0994109483853238,0.0994109483853065,0.0994109483852932,0.0994109483853307,0.099410948385481,0.099410948385789,0.09941094838623,0.0994109483866974,0.0994109483870539,0.0994109483872193,0.0994109483872261,0.0994109483871848
