population_id,1970,1971,1972,1973,1974,1975,1976,1977,1978,1979,1980,1981,1982,1983,1984,1985,1986,1987,1988,1989,1990,1991,1992,1993,1994,1995,1996,1997,1998,1999,2000,2001,2002,2003,2004,2005,2006,2007,2008,2009,2010,2011,2012,2013,2014
1656,1,0.0221909011717458,0.0272465226154037,-0.0088018656112836,-0.0396030059552133,-0.0202663114085677,0.013186165040902,0.00599115450640486,-0.0219814733158405,-0.0097931411173926,0.0406213331370977,0.0611234267978182,0.0195412055933026,-0.0344411315301465,-0.0452320746261812,-0.0254994561210524,-0.0231034788263313,-0.0484597678829761,-0.0732613070463946,-0.0814986294713251,-1,-1,-1,-1,-1,-1,-1,-1,-1,-1,-1,-1,-1,-1,-1,-1,-1,-1,-1,-1,-1,-1,-1,-1,-1
8129,1,0.0642958832392408,0.0642958832392408,0.0642958832392404,0.0642958832392408,0.0642958832392408,0.0642958832392408,0.0642958832392404,0.0642958832392408,0.0642958832392408,0.0642958832392404,0.0642958832392408,0.0642958832392408,0.0642958832392408,0.0642958832392404,0.0642958832392408,0.0642958832392408,-0.0248737110146138,-0.0298438821984055,-0.0248614885456457,-0.0149232922142573,0.0300102988185933,0.0399858299745635,0.0399453193425412,-0.0448143307841256,0.0499614951826088,-1,-1,-1,-1,-1,-1,-1,-1,-1,-1,-1,-1,-1,-1,-1,-1,-1,-1,-1
8130,1,0.00646568797559199,0.00646568797559199,0.00646568797559244,0.00646568797559199,0.00646568797559244,0.00646568797559199,0.00646568797559199,0.00646568797559244,0.00646568797559199,0.00646568797559199,0.00646568797559244,0.00646568797559199,0.00646568797559199,0.00646568797559244,0.00646568797559199,0.00646568797559244,0.00646568797559199,0.00646568797559199,0.00646568797559244,0.00646568797559199,0.00646568797559199,0.0923279585652921,0.0449551997454036,-0.044747054770462,0.00248998951694679,-1,-1,-1,-1,-1,-1,-1,-1,-1,-1,-1,-1,-1,-1,-1,-1,-1,-1,-1
2555,1,-1,-1,-1,-1,-1,-1,-1,-1,-1,-1,0.0149520207907132,0.0148031480627213,0.0145099659318904,0.0141265943438882,0.0137081058152573,0.0132535606706248,0.0127153308305936,0.0120657177707311,0.0112406114940105,0.0102204445811613,0.00903185727110967,0.00780332999952682,0.00663119904549303,0.00549879251163077,0.0043075816498197,0.00296959317446488,0.00146613439853027,-0.000179235060091321,-0.00195764601486714,-0.00386289616141622,-0.00580117856604523,-0.00753706400418519,-0.00878447553427275,-0.00939638182383518,-0.00947693170048436,-0.00930081805470784,-0.00911918087709984,-0.00903433771849205,-1,-1,-1,-1,-1,-1
1706,1,0.0211319361437607,0.01457182697711,0.00903814874111397,0.00388909710454266,-0.00110541562563249,-0.00566768476607615,-0.00968013350159991,-0.0134109735682664,-0.0169068846866955,-0.0195990689819454,-0.0210682204054775,-0.0222327022345064,-0.0252199926590237,-0.0314640693289676,-0.0398372968273599,-0.047065413328601,-0.0504252722094418,-0.0501315825028721,-0.0488532424371266,-1,-1,-1,-1,-1,-1,-1,-1,-1,-1,-1,-1,-1,-1,-1,-1,-1,-1,-1,-1,-1,-1,-1,-1,-1
1709,1,0.00185562371474912,-0.00211401361072783,-0.0149600066539124,-0.036682355414809,-0.067281059893407,-0.103665314852194,-0.129968317360845,-0.129084934260898,-0.0977532602890008,-0.04034028517039,0.0243590597770804,0.0698542135174776,0.0787706665251702,0.054712965024541,0.0189979702135687,-0.00528951683419621,-0.00883525991198697,0.000592202274471099,0.00767502017218424,0.00239311752285509,-0.0139073864525758,-0.0318666878080331,-0.0423834334216715,-1,-1,-1,-1,-1,-1,-1,-1,-1,-1,-1,-1,-1,-1,-1,-1,-1,-1,-1,-1,-1
2617,1,-1,-1,-1,-1,-1,-1,-1,-1,-1,-1,-1,-1,-1,-1,-1,-1,-1,-1,-1,-1,-1,-1,-1,-1,-1,-1,0.121043824612526,0.112633169838321,0.0933683739078595,0.0628158113972281,0.0255936860909118,-0.00813629333327914,-0.0273626810423118,-1,-1,-1,-1,-1,-1,-1,-1,-1,-1,-1
1910,1,0.0653015784066127,0.0814265050440155,0.0759265757311005,0.056801019109328,0.036597723112727,0.0171297235082442,-0.000256786997203218,-0.0081626068353593,-0.0059651917044059,0.000511567548089786,0.00867293424086801,0.0259957532610278,0.0483505405675926,0.0348324020086248,-0.0602289381200816,-0.209749136098175,-0.299224168428854,-0.233408810411852,-0.0530717885128098,0.0965076188621006,0.122866363597793,0.0730027894924632,0.0441534498529639,0.0539214413223448,0.0490338867569582,0.0172324667945993,0.0171202538969513,0.0799754931644108,0.146901511307284,-1,-1,-1,-1,-1,-1,-1,-1,-1,-1,-1,-1,-1,-1,-1
1907,1,-0.0136430586781335,-0.0136430586781335,-0.0136430586781335,-0.0136430586781335,-0.062157276161753,-0.062157276161753,-0.062157276161753,-0.062157276161753,-0.0621572761617522,-0.062157276161753,-0.062157276161753,-0.062157276161753,-0.062157276161753,-0.062157276161753,-0.062157276161753,-0.348454645592119,-0.636822097587174,0.602059991327963,0,-0.0621479067488444,-0.230365419265747,-0.230365419265746,0.0203810719383903,0.0203810719383899,0.0203810719383903,0.0203810719383903,0.0203810719383903,0.0203810719383899,0.0203810719383903,-1,-1,-1,-1,-1,-1,-1,-1,-1,-1,-1,-1,-1,-1,-1
1921,1,-0.015073622444453,-0.0150736224444525,-0.0150736224444525,-0.0150736224444525,0.014518258442501,0.0145182584425014,0.014518258442501,0.014518258442501,0.014518258442501,0.014518258442501,0.014518258442501,0.014518258442501,0.0145182584425019,0.014518258442501,0.014518258442501,-0.0886374870420665,-0.770033360161464,0.0871501757189002,0.0377885608893997,-1,-1,-1,-1,-1,-1,-1,-1,-1,-1,-1,-1,-1,-1,-1,-1,-1,-1,-1,-1,-1,-1,-1,-1,-1
1905,1,-0.00638722559185911,-0.00638722559185911,-0.00638722559185823,-0.00638722559185911,-0.00638722559185823,-0.00638722559185911,-0.00638722559185911,-0.00638722559185823,-0.00638722559185911,-0.00638722559185823,-0.00638722559185911,-0.00638722559185911,-0.00638722559185823,-0.00638722559185911,-0.00638722559185911,-0.00638722559185823,-0.832863583597246,0.346787486224657,0.0511525224473814,-0.107261739084867,-0.107261739084866,-0.107261739084867,-1,-1,-1,-1,-1,-1,-1,-1,-1,-1,-1,-1,-1,-1,-1,-1,-1,-1,-1,-1,-1,-1
2704,1,-1,-1,-1,-1,-1,-1,-1,-1,-1,-1,-0.025885962160987,0.043173614699596,0.0801673893649757,0.0039748851846908,-0.145944577546281,-0.312119083369559,-0.322892851307439,-0.165865989987767,0.0102847813795215,0.0732087015611416,0.0367019689483579,0.00265128964840877,0.0241573093220369,0.0678114233113654,0.0856626054680691,0.0742267749459735,0.0568283238658345,0.0442533003956058,0.0337688958988183,0.0288440693411218,0.0373408784589693,0.0541496259942904,0.0617306632539498,0.050222638640435,0.028346354300655,0.0122372140789926,0.00876573989995055,0.0116630890161624,-1,-1,-1,-1,-1,-1
2703,1,-1,-1,-1,-1,-1,-1,-1,-1,-1,-1,-1,-1,-1,-1,-0.404945446429332,-0.370806429098438,-0.28879776893202,-0.164590042179658,-0.0379456332945203,0.0297885771786797,0.000104494023037249,-0.0960000498678728,-0.16687314909597,-0.138275317914814,-0.0280531222690996,0.0703725206162342,0.084623877948935,0.0302797000990067,-0.0262466165968602,-0.051715499790348,-0.0664895870971771,-0.0876692199006488,-0.0906536849712287,-0.0508177696357701,-0.000115810761135426,-0.00236920334385227,-0.0685947070739943,-0.133340033802773,-1,-1,-1,-1,-1,-1
2700,1,-1,-1,-1,-1,-1,-1,-1,-1,-1,-1,-1,-1,-1,-1,-1,-0.0637376580965225,-0.710953060177615,0.0858085609366428,0.0625296295467122,-1,-1,-1,-1,-1,-1,-1,-1,-1,-1,-1,-1,-1,-1,-1,-1,-1,-1,-1,-1,-1,-1,-1,-1,-1
1928,1,0.0803153248401069,0.086492248115507,0.0543541288461222,0.0200770543254847,0.00983849942583559,0.00710701998637919,-0.015119262121944,-0.0537989628612499,-0.0946317674827117,-0.0903250566160723,-0.0409030827735251,0.00831474842189106,0.0303620027102571,0.0354185906028706,0.0292187655122356,-0.00521389862901778,-0.0638711206371916,-0.0939434852587606,-0.0501882630589652,0.0325519456172025,0.0672656957874325,0.0232744760315029,-0.0345142567588947,-1,-1,-1,-1,-1,-1,-1,-1,-1,-1,-1,-1,-1,-1,-1,-1,-1,-1,-1,-1,-1
1926,1,0.034379605988176,0.034379605988176,0.034379605988176,0.034379605988176,0.034379605988176,0.034379605988176,0.034379605988176,0.034379605988176,0.034379605988176,0.034379605988176,0.0343796059881756,0.034379605988176,0.034379605988176,-0.0440228147639203,-0.0440228147639203,-0.0440228147639199,-0.0440228147639203,0.0443697499232711,0.0443697499232711,0.0443697499232716,0.0443697499232711,0.0443697499232711,0.0197953115119063,0.0197953115119063,0.0197953115119063,0.0197953115119058,-1,-1,-1,-1,-1,-1,-1,-1,-1,-1,-1,-1,-1,-1,-1,-1,-1,-1
1927,1,-1,-1,-1,-1,-0.0156899975383711,-0.0156899975383711,-0.015689997538372,-0.0156899975383711,-0.0156899975383711,-0.0156899975383711,-0.015689997538372,-0.0156899975383711,-0.0156899975383711,-0.0156899975383711,-0.015689997538372,-0.0156899975383711,-0.0156899975383711,-0.0156899975383711,-0.015689997538372,-0.0156899975383711,-0.0156899975383711,-0.0156899975383711,-0.015689997538372,-0.0156899975383711,-0.0156899975383711,-1,-1,-1,-1,-1,-1,-1,-1,-1,-1,-1,-1,-1,-1,-1,-1,-1,-1,-1
1929,1,-1,-1,-1,-1,-1,-1,-1,-1,-1,-1,-1,-1,-1,-1,-1,0.0179070270392945,0.0179070270392945,0.0179070270392945,0.0179070270392954,-1,-1,-1,-1,-1,-1,-1,-1,-1,-1,-1,-1,-1,-1,-1,-1,-1,-1,-1,-1,-1,-1,-1,-1,-1
1925,1,-1,-1,-1,-1,-1,-1,-1,-1,-1,-1,-1,-1,-1,-1,-1,-1,-1,-1,-1,-1,-1,-1,0.120367046888365,0.120367046888365,-1,-1,-1,-1,-1,-1,-1,-1,-1,-1,-1,-1,-1,-1,-1,-1,-1,-1,-1,-1
6090,1,0.407799114690951,0.511944398574342,0.432013112871602,0.279812026818566,0.132238666828731,-0.0352784233385193,-0.224507581425822,-0.344942145072234,-0.335927249799958,-0.274860126967759,-1,-1,-1,-1,-1,-1,-1,-1,-1,-1,-1,-1,-1,-1,-1,-1,-1,-1,-1,-1,-1,-1,-1,-1,-1,-1,-1,-1,-1,-1,-1,-1,-1,-1
2326,1,-1,-1,-1,0.0804385956744118,0.0830114177717103,0.0881570619666807,0.0947947307270784,0.096763602192864,0.0856323518992617,0.0595633481129254,0.0185565908339793,-0.0359418734640005,-0.0947866680402494,-0.139095795780577,-0.147699170534016,-0.109229019907831,-0.0218411976176165,0.100235388762702,0.200085108936749,0.251794256850968,0.207808755112246,0.0651523894494592,-0.111127982844422,-0.225053116648029,-0.212367666731134,-0.0824546028607449,0.0927699348750919,0.229107435358006,0.274458971045925,0.219120589861638,0.0848049833730311,-0.081840381796817,-0.212611341837002,-0.241279904186136,-0.147914229145066,0.0157011584122357,0.156273594448244,0.206405683366443,0.167375392677009,0.0902097925260095,0.0232080299032464,-0.0181569815827345,-0.0404794689258998,-0.050580884045726
1471,1,-1,-1,-1,-1,-1,-1,-1,-1,-0.175271289228228,-0.177403780170128,-0.131946695167194,-0.0218667489747508,0.0909432845188682,0.131743860617246,0.0953037049818732,0.0313605142913751,-0.025181068622592,-0.0684604868309995,-0.0829816708166016,-0.0439746267784802,0.0340480542204764,0.0913442825702955,0.0879966091455753,0.0481867978460535,0.0192193206899667,0.0113369001834629,0.00415043544911065,-0.0079784616474079,-0.011534084696053,-0.00615920748244214,-0.00688541983167745,-0.0132673758191464,-0.00787944093613735,0.00779723617913231,0.00645943075932909,-0.0223686200488311,-0.0501521150675037,-0.0499241690377312,-0.0355302468122813,-1,-1,-1,-1,-1
8011,1,0.0477295056446199,0.0347073335737047,0.0230166505493186,0.0112401301635794,-0.00184161348128331,-0.0125568524832991,-0.0149908330325923,-0.00778690334475751,0.00412871092293088,0.0144754991567195,0.0203535670848165,0.022208047167446,0.0212956980866892,0.0181895649633708,0.0128106294526038,0.0052420367581103,-0.00315914527930605,-0.00967618742072052,-0.0121816896484024,-0.0111303751761787,-0.00869260805213923,-0.00614355420328216,-0.00339626691361072,-0.000844048114839069,0.000437758838311098,0.00094210051964172,0.00300309846028046,0.00730489933867684,0.010960029013761,-1,-1,-1,-1,-1,-1,-1,-1,-1,-1,-1,-1,-1,-1,-1
1813,1,-0.0416557074063291,-0.0416557074063291,-0.0416557074063291,-0.0416557074063291,-0.0416557074063291,-0.0416557074063286,-0.0416557074063295,-0.0416557074063286,-0.0416557074063291,-0.0416557074063291,-0.0416557074063291,-0.0416557074063291,-0.0416557074063286,-0.0416557074063291,-0.0416557074063291,-0.0416557074063291,-0.0416557074063291,-0.0416557074063291,-0.0416557074063286,-0.0416557074063291,-0.0416557074063291,-0.0416557074063291,0.299320139531405,0.299320139531405,0.299320139531404,0.299320139531405,-1,-1,-1,-1,-1,-1,-1,-1,-1,-1,-1,-1,-1,-1,-1,-1,-1,-1
1832,1,-0.0439570121697352,-0.0439570121697352,-0.0439570121697352,-0.0439570121697352,-0.0439570121697352,-0.0439570121697352,-0.0439570121697352,-0.0439570121697352,-0.0439570121697352,-0.0439570121697352,-0.0439570121697352,-0.0439570121697352,-0.0439570121697352,-0.0439570121697357,-0.0439570121697348,-0.0439570121697357,-0.0439570121697352,-0.0439570121697352,-0.0439570121697352,-0.0439570121697352,-0.0439570121697352,-0.0439570121697352,-1,-1,-1,-1,-1,-1,-1,-1,-1,-1,-1,-1,-1,-1,-1,-1,-1,-1,-1,-1,-1,-1
1814,1,-0.00152524968535594,-0.00152524968535594,-0.00152524968535594,-0.00152524968535594,-0.00152524968535506,-0.00152524968535594,-0.00152524968535594,-0.00152524968535594,-0.00152524968535594,-0.00152524968535594,-0.00152524968535594,-0.00152524968535594,-0.00152524968535506,-0.00152524968535594,-0.00152524968535594,-0.00152524968535594,-0.00152524968535594,-0.00152524968535594,-0.00152524968535594,-0.00152524968535594,-0.00152524968535506,-0.00152524968535594,-0.00152524968535594,-0.00152524968535594,-0.00152524968535594,-0.00152524968535594,-0.00152524968535594,-0.00152524968535594,-0.00152524968535506,-0.00152524968535594,-1,-1,-1,-1,-1,-1,-1,-1,-1,-1,-1,-1,-1,-1
2670,1,-1,-1,-1,-1,-1,-1,-1,-1,-1,-1,-0.000844873513472066,-0.00191173881444273,-0.00387818208873369,-0.00569798427999579,-0.00616423284705236,-0.00536363586779798,-0.00464917559809042,-0.00468306910856509,-0.00660555989587852,-0.00965192942501769,-0.0115172703537243,-0.0106826863635296,-0.00740261236398165,-0.00264167156664419,0.00277550614845312,0.00734440466340347,0.00822345837544036,0.00296309283610485,-0.00773733360996287,-0.0199118118288641,-0.0296874101652891,-0.0364761746423674,-0.0423487347702589,-0.0486079945180575,-0.0539025590711306,-0.0560571010819304,-0.0550916022886436,-0.0535009928666665,-1,-1,-1,-1,-1,-1
1826,1,-1,-1,-1,-1,-1,-1,-1,-1,-1,-1,-1,0,0,0,0,0,0,0,0,0,0,-1,-1,-1,-1,-1,-1,-1,-1,-1,-1,-1,-1,-1,-1,-1,-1,-1,-1,-1,-1,-1,-1,-1
8406,1,-1,-1,-1,-1,-1,-1,-1,-1,-1,-1,-1,-1,-1,-1,-1,-1,-1,-4.74213436960635e-05,0.000221143038690919,0.000758271803465549,0.00156396495062627,0.00263822248017509,0.00397172253499023,0.00549649715998779,0.00708050239160452,0.00866935191058471,0.0101785134761598,0.0116649869352343,0.0133308980211997,0.0153379250998313,0.0176020775564487,0.0197558100818334,0.0213485917397025,0.0221516270992044,0.0223180780182861,0.0222458663413523,-1,-1,-1,-1,-1,-1,-1,-1
2671,1,-1,-1,-1,-1,-1,-1,-1,-1,-1,-1,-1,-1,-1,-1,-1,-1,-1,-1,-1,-0.0127066012564034,-0.0117166309291017,-0.0109809579574236,-0.0115225201778797,-0.0125622345285858,-0.0125051005004231,-0.0115654443305937,-0.0127215060556924,-0.0194599188127578,-0.0323868122183386,-0.0480578033264587,-0.0611042438849001,-0.0678106011504904,-1,-1,-1,-1,-1,-1,-1,-1,-1,-1,-1,-1
2669,1,-1,-1,-1,-1,-1,-1,-1,-1,-1,-1,-1,-1,-1,-1,-1,-1,-1,-1,-1,-1,-1,-0.016989599471827,-0.0155115042116347,-0.0135563073383844,-0.0129222047465833,-0.0149297741701058,-0.0196691297806675,-0.0263213096899162,-0.033907981515696,-0.0416590530591574,-0.0488748791963649,-0.0548241197131267,-0.0590706122135274,-0.061897219499039,-0.0641656503521715,-0.0665306848136586,-0.0687796707744588,-0.0701250647004463,-1,-1,-1,-1,-1,-1
1815,-1,-1,-1,-1,-1,-1,-1,-1,-1,-1,-1,-1,-1,-1,-1,-1,-1,-1,-1,-1,-1,-1,-1,-1,-1,-1,-1,-1,-1,-1,-1,-1,-1,-1,-1,-1,-1,-1,-1,-1,-1,-1,-1,-1,-1
1879,1,-0.241065059017442,-0.221073885007721,-0.166615141778952,-0.0997152029832384,-0.0373798210272716,0.014642881223859,0.0582777716577749,0.0945401160003576,0.117904168514591,0.118609625273982,0.0910175264384652,0.0408780558474002,-0.0148922364112072,-0.0563060355668927,-0.0705616168456702,-0.0576020024673065,-0.0283120694662742,0.00428769910267324,0.0360650055467047,0.0609977004824924,0.0759224129867775,0.0818434534371049,-1,-1,-1,-1,-1,-1,-1,-1,-1,-1,-1,-1,-1,-1,-1,-1,-1,-1,-1,-1,-1,-1
1877,1,0.00198945611133361,0.00198945611133405,0.00198945611133361,0.00198945611133361,0.00198945611133361,0.00198945611133405,0.00198945611133361,0.00198945611133361,0.00198945611133361,0.00198945611133361,0.00198945611133405,0.00198945611133361,0.00198945611133361,0,0,0,0,0,0,0,0,0,-1,-1,-1,-1,-1,-1,-1,-1,-1,-1,-1,-1,-1,-1,-1,-1,-1,-1,-1,-1,-1,-1
8345,1,-1,-1,-1,-1,-1,-1,-1,-1,-1,-1,-0.0447936732060283,-0.0447936732060281,-0.0447936732060281,-0.0447936732060281,-0.0447936732060281,-0.0447936732060281,-0.0447936732060281,-0.0447936732060281,-0.0447936732060283,-0.0447936732060281,-0.0447936732060281,-0.0447936732060281,-0.0447936732060282,-0.0447936732060281,-0.0447936732060281,-0.0447936732060282,0.085313893496479,0.0853138934964791,0.0853138934964791,0.085313893496479,0.0853138934964792,0.085313893496479,0.112226771092162,-1,-1,-1,-1,-1,-1,-1,-1,-1,-1,-1
2520,1,-1,-1,-1,-1,-1,-1,-1,-1,-1,-1,-1,-1,-1,-1,-1,-1,-1,-1,-1,-1,-1,-1,-1,-1,-1,-1,-0.0553892754129253,-0.0519890317941796,-0.0454524964704015,-0.0368066400915541,-0.0270694959397675,-0.0169902024372888,-0.00750253263769696,-6.93055592386749e-05,0.00385794244147375,-1,-1,-1,-1,-1,-1,-1,-1,-1
1529,1,0.0024025923651747,-0.00803796683169811,-0.00824437111987741,-0.0376437528670692,-0.0987436353857154,-0.138024237739528,-0.116927364652383,-0.0657220148981574,-0.0381516482805155,-0.0379107842908244,-0.0266939601509364,0.00503268610036312,0.0150728987873618,-0.0309212114799582,-0.101399196258631,-0.12228061068104,-0.0572259448791774,0.0456695042984467,0.0951145204502346,0.0500294212291585,-0.0310044088692605,-0.0474455267637826,0.0307663943989267,0.126282753632719,0.145239026367249,0.0865900464948073,0.0311398003563479,0.0317319974948802,0.0571355907345756,0.0554697016304795,0.0305777198931185,0.0227148228447325,0.0400147024473547,0.0506609685998578,0.0344904561179238,0.00378680140912646,-0.0279970819121154,-0.0615543239669059,-0.0871366138470933,-0.0800064343971716,-0.0396290846338312,-0.005129286134542,-0.00693866978116198,-0.0255753969152295
1695,1,-0.00611907642987797,-0.00611907642987752,-0.00611907642987797,-0.00611907642987797,-0.00611907642987752,-0.00611907642987797,-0.00611907642987797,-0.00611907642987752,-0.00611907642987797,-0.00611907642987752,-0.00611907642987797,-0.278753600952829,0.0413926851582249,-0.0202033860882871,-0.00415595977115757,-0.204119982655925,0.0621479067488444,-0.068881289407813,0.235212711174338,-0.166331421766525,0.1249387366083,-0.259637310505756,0.072550667148612,-1,-1,-1,-1,-1,-1,-1,-1,-1,-1,-1,-1,-1,-1,-1,-1,-1,-1,-1,-1,-1
8201,1,-1,-1,-1,-1,-1,-1,-1,-1,-1,-1,-1,-1,-1,-1,-1,-1,-1,-1,-1,-1,-1,-1,-1,-1,-1,-1,-1,-1,-1,-1,-1,-1,-1,-1,-0.0152524968535586,-0.0152524968535583,-0.0152524968535583,-1,-1,-1,-1,-1,-1,-1
1847,1,0.0265504167412498,0.0265504167412656,0.0265504167412827,0.0265504167413015,0.0265504167413212,0.0265504167413425,0.0265504167413655,0.0265504167413897,0.0265504167414152,0.0265504167414423,0.0265504167414679,0.0265504167414923,0.0265504167415158,0.0265504167415374,0.0265504167415584,0.0265504167415778,0.0265504167415955,0.0265504167416126,0.0265504167416282,0.0265504167416422,0.0265504167416544,0.0265504167416641,0.0265504167416712,0.0265504167416761,0.026550416741679,-1,-1,-1,-1,-1,-1,-1,-1,-1,-1,-1,-1,-1,-1,-1,-1,-1,-1,-1
2519,1,-1,-1,-1,-1,-1,-1,-1,-1,-1,-1,-1,-1,-1,-1,-1,-1,-1,-1,-1,0.0297144579790667,0.0297144579797317,0.029714457980669,0.0297144579812332,0.0297144579810804,0.0297144579804651,0.029714457979968,-1,-1,-1,-1,-1,-1,-1,-1,-1,-1,-1,-1,-1,-1,-1,-1,-1,-1
1758,1,-0.00213882043290026,-0.00213882043290026,-0.00213882043290026,-0.00213882043290026,-0.00213882043290026,-0.00213882043290026,-0.00213882043290026,-0.00213882043290026,-0.00213882043290026,-0.00213882043290026,-0.00213882043289981,-0.00213882043290026,-0.00213882043290026,-0.00213882043290026,-0.00213882043290026,-0.00213882043290026,-0.00213882043290026,-0.00213882043290026,-0.00213882043290026,-0.00213882043290026,-0.00213882043290026,-0.00213882043290026,-0.00213882043290026,-0.00213882043289981,0.644612342013426,-1,-1,-1,-1,-1,-1,-1,-1,-1,-1,-1,-1,-1,-1,-1,-1,-1,-1,-1
13310,1,-1,-1,-1,-1,-0.0534256036609153,-0.000462800117754014,0.0683687415605223,-0.0321399766351589,-0.0321399766351589,-0.0321399766351584,-0.0321399766351589,-0.0321399766351589,-0.0321399766351589,0.192889306979616,-0.0128228884798598,-0.0128228884798598,-0.0128228884798594,-0.0128228884798598,-0.0128228884798598,-0.0128228884798594,-0.0128228884798598,-0.0128228884798598,-0.0128228884798594,-0.0128228884798598,-0.0128228884798598,-0.0128228884798594,-0.0128228884798598,-0.0128228884798598,-0.0128228884798594,-0.0128228884798598,-0.0128228884798598,-0.0128228884798594,-0.0128228884798598,-0.223237312863588,-0.0387279611983109,0.116996753723413,-1,-1,-1,-1,-1,-1,-1,-1
8111,1,-1,-1,-1,-1,-1,-1,-1,-1,-1,-1,-1,-1,-1,-1,-1,-1,-1,-1,-1,-1,-1,-1,-1,-1,-1,-1,-0.0130936183316415,-0.0130936183316424,-0.0130936183316415,-0.0130936183316424,-0.0130936183316415,-0.0130936183316415,-0.0130936183316424,-0.0130936183316415,-0.0130936183316415,-0.0130936183316424,-0.0130936183316415,-0.0130936183316415,-1,-1,-1,-1,-1,-1
12225,1,-1,-1,-1,-1,-1,-1,-1,-1,-1,-1,-1,-1,-1,-1,-1,-1,-1,-1,-1,-1,-1,-1,-1,-1,-1,-1,-1,-1,-1,-1,-1,-1,-0.877685407217849,-1,-1,-1,-1,-1,-1,-1,-1,-1,-1,-1
8192,1,-0.0197644303455959,-0.0197644303455959,-0.0197644303455959,-0.0197644303455964,-0.0197644303455959,-0.0197644303455959,-0.0197644303455959,-0.0197644303455959,-0.0197644303455964,-0.0197644303455959,-0.0197644303455959,-0.0197644303455959,-0.0197644303455964,-0.0197644303455959,-0.0197644303455959,-0.0197644303455959,-0.0197644303455964,-0.0197644303455959,-0.0197644303455959,-0.0197644303455959,-0.0197644303455959,-0.0197644303455964,-0.0197644303455959,-0.0197644303455959,-0.0197644303455959,-0.0197644303455959,-0.0197644303455964,-0.0197644303455959,-0.0197644303455959,-0.0197644303455959,-1,-1,-1,-1,-1,-1,-1,-1,-1,-1,-1,-1,-1,-1
12011,1,-1,-1,-1,-1,-1,-1,-1,-1,-1,-1,-1,0.0203542685525835,0.0192602387979086,0.0173878615819922,0.0153766386359049,0.0135721966114528,0.0118129148587038,0.00981879698262533,0.0075491602557638,0.0050090867418815,0.0021985764409731,-0.000781205521286576,-0.00352559864224133,-0.0059842708013087,-0.00836055401888425,-0.010612795462781,-0.0122855612453705,-0.0129721798437594,-0.0128285499224021,-0.0124995852777268,-1,-1,-1,-1,-1,-1,-1,-1,-1,-1,-1,-1,-1,-1
13097,1,-1,-1,-1,-1,-1,-1,-1,-1,-1,-1,-1,-1,-1,-1,-1,-1,-1,-1,-1,-1,-1,-1,-0.800894377522203,-0.616300430442573,-0.0273001272063737,-0.0273001272063738,-0.0273001272063739,-0.0273001272063737,-0.0273001272063738,-0.0273001272063737,-0.0273001272063738,-0.0273001272063737,-0.0273001272063738,-0.0273001272063737,0.687974620034556,-1,-1,-1,-1,-1,-1,-1,-1,-1
13098,1,-1,-1,-1,-1,-1,-1,-1,-1,-1,-1,-1,-1,-1,-1,-1,-1,-1,-1,-1,-1,-1,-1,2.1378717791808,-0.327394863609259,-0.181047691557154,-0.181047691557154,-0.181047691557154,-0.181047691557154,-0.181047691557154,-0.181047691557154,-0.181047691557154,-0.181047691557154,-0.181047691557154,-0.181047691557154,0,-1,-1,-1,-1,-1,-1,-1,-1,-1
13099,1,-1,-1,-1,-1,-1,-1,-1,-1,-1,-1,-1,-1,-1,-1,-1,-1,-1,-1,-1,-1,-1,-1,0,0,0,0,0,0,0,0,0,0,0,0,0,-1,-1,-1,-1,-1,-1,-1,-1,-1
13100,1,-1,-1,-1,-1,-1,-1,-1,-1,-1,-1,-1,-1,-1,-1,-1,-1,-1,-1,-1,-1,-1,-1,-1.51459693941858,1.00796892967128,-0.100796892967127,-0.100796892967128,-0.100796892967128,-0.100796892967128,-0.100796892967127,-0.100796892967128,-0.100796892967128,-0.100796892967128,-0.100796892967128,-0.100796892967127,-0.954242509439325,-1,-1,-1,-1,-1,-1,-1,-1,-1
13101,1,-1,-1,-1,-1,-1,-1,-1,-1,-1,-1,-1,-1,-1,-1,-1,-1,-1,-1,-1,-1,-1,-1,-2.00432137378264,0,0,0,0,0,0,0,0,0,0,0,0,-1,-1,-1,-1,-1,-1,-1,-1,-1
13102,1,-1,-1,-1,-1,-1,-1,-1,-1,-1,-1,-1,-1,-1,-1,-1,-1,-1,-1,-1,-1,-1,-1,-0.887295719808712,0.71120446075303,-0.00377885608894002,-0.00377885608894002,-0.00377885608893991,-0.00377885608894002,-0.00377885608893991,-0.00377885608894002,-0.00377885608894002,-0.00377885608893991,-0.00377885608894002,-0.00377885608894002,-0.404570587571051,-1,-1,-1,-1,-1,-1,-1,-1,-1
13103,1,-1,-1,-1,-1,-1,-1,-1,-1,-1,-1,-1,-1,-1,-1,-1,-1,-1,-1,-1,-1,-1,-1,-1,0.192610028287293,0.192610028287293,0.192610028287293,0.192610028287293,0.192610028287293,0.192610028287293,0.192610028287293,0.192610028287293,0.192610028287293,0.192610028287293,0.192610028287293,-0.270119627351585,-1,-1,-1,-1,-1,-1,-1,-1,-1
13104,1,-1,-1,-1,-1,-1,-1,-1,-1,-1,-1,-1,-1,-1,-1,-1,-1,-1,-1,-1,-1,-1,-1,-1,0.0934571566909312,0.0934571566909312,0.0934571566909312,0.0934571566909312,0.0934571566909312,0.0934571566909312,0.0934571566909313,0.0934571566909312,0.0934571566909312,0.0934571566909311,0.0934571566909314,-0.527426373031058,-1,-1,-1,-1,-1,-1,-1,-1,-1
8236,1,-1,-1,-1,-1,-1,-1,-1,-1,-1,-1,-1,-1,-1,-1,-1,-1,-1,-1,-1,-1,-1,-1,-1,-1,-1,-1,-0.0808945536270675,-0.0808945536269665,-0.0808945536268495,-0.0808945536268495,-0.0808945536270298,-0.0808945536273458,-0.0808945536276888,-0.0808945536279781,-0.0808945536281964,-0.0808945536283607,-0.0808945536284789,-0.080894553628539,-1,-1,-1,-1,-1,-1
1792,1,-0.0212121715863804,-0.0212121715863804,-0.0212121715863804,-0.0212121715863804,-0.0212121715863804,-0.0212121715863804,-0.0212121715863802,-0.0212121715863807,-0.0212121715863804,-0.0212121715863804,-0.0212121715863804,-0.0212121715863802,-0.0212121715863807,-0.0212121715863804,-0.0212121715863802,-0.0212121715863804,-0.0212121715863807,-0.0212121715863804,-0.0212121715863802,-0.0212121715863804,-0.0212121715863807,-0.0212121715863804,-0.0212121715863804,-0.0212121715863802,-0.0212121715863804,-0.0212121715863807,-1,-1,-1,-1,-1,-1,-1,-1,-1,-1,-1,-1,-1,-1,-1,-1,-1,-1
8367,1,-1,-1,-1,-1,-1,-1,-1,-1,-1,-0.560667306169738,-0.0740362689494243,-0.0740362689494245,-0.0740362689494242,-0.0740362689494245,-0.0740362689494244,-0.0740362689494244,-0.0740362689494244,-0.0740362689494244,-0.0740362689494244,-0.0740362689494243,0.145843543898617,0.145843543898617,0.145843543898617,0.145843543898617,0.145843543898617,0.145843543898617,-0.0369747916027261,-0.0369747916027261,-0.0369747916027261,-0.0369747916027261,-0.0369747916027261,-0.036974791602726,0,-1,-1,-1,-1,-1,-1,-1,-1,-1,-1,-1
1793,1,-1,-1,-1,-1,-1,-1,-1,-1,-1,-1,-0.0338659303413782,-0.0338659303413784,-0.0338659303413782,-0.0338659303413782,-0.0338659303413784,-0.0338659303413782,-0.0338659303413784,-0.0338659303413782,-0.0338659303413782,-0.0338659303413784,-0.0338659303413783,-0.0338659303413783,-0.0338659303413782,-0.0338659303413784,-0.0338659303413782,-0.0338659303413783,-0.0338659303413783,-0.0338659303413782,-0.0338659303413783,-1,-1,-1,-1,-1,-1,-1,-1,-1,-1,-1,-1,-1,-1,-1
8245,1,-1,-1,-1,-1,-1,-1,-1,-1,-1,-1,-1,-1,-1,-1,-1,-1,-1,-1,-1,-1,-1,-1,-1,-1,-1,-1,0.0994109483853238,0.0994109483853065,0.0994109483852932,0.0994109483853307,0.099410948385481,0.099410948385789,0.09941094838623,0.0994109483866974,0.0994109483870539,0.0994109483872193,0.0994109483872261,0.0994109483871848,-1,-1,-1,-1,-1,-1
1592,1,-0.0200111179848212,-0.0200111179848212,-0.0200111179848217,-0.0200111179848212,-0.0200111179848212,-0.0200111179848212,-0.0200111179848217,-0.0200111179848212,-0.0200111179848212,-0.0200111179848217,-0.0200111179848212,-0.0200111179848212,-0.0200111179848212,-0.0200111179848212,-0.0200111179848217,-1,-1,-1,-1,-1,-1,-1,-1,-1,-1,-1,-1,-1,-1,-1,-1,-1,-1,-1,-1,-1,-1,-1,-1,-1,-1,-1,-1,-1
1591,1,0.018949524222478,0.018949524222478,0.018949524222478,0.018949524222478,0.0189495242224784,0.0189495242224775,0.018949524222478,0.018949524222478,0.018949524222478,0.0189495242224784,0.018949524222478,0.018949524222478,0.018949524222478,0.018949524222478,0.018949524222478,0.0189495242224775,0.018949524222478,0.0189495242224784,-1,-1,-1,-1,-1,-1,-1,-1,-1,-1,-1,-1,-1,-1,-1,-1,-1,-1,-1,-1,-1,-1,-1,-1,-1,-1
1590,1,0.0250858329719983,0.0250858329719987,0.0250858329719983,0.0250858329719983,0.0250858329719987,0.0250858329719983,0.0250858329719983,0.0250858329719987,0.0250858329719983,0.0250858329719983,0.0250858329719987,0.0250858329719983,0.0250858329719983,0.0250858329719987,0.0250858329719983,0.0250858329719983,0.0250858329719987,0.0250858329719983,0.0250858329719983,0.0250858329719987,0.0250858329719983,0.0250858329719983,0.0250858329719987,-1,-1,-1,-1,-1,-1,-1,-1,-1,-1,-1,-1,-1,-1,-1,-1,-1,-1,-1,-1,-1
2545,1,-1,-1,-1,-1,-1,-1,-1,-1,-1,-1,-1,-1,-1,-1,-1,-1,-1,-1,-1,-1,-1,-1,-1,-1,-1,-1,0.0528691590621984,0.0427887459925866,0.00983240608955693,-0.0495525771128569,-0.110386506532862,-0.131592963887512,-0.0967618347803567,-0.0414373197397584,-0.0305470015305458,-0.0991063151298244,-0.212659636538436,-0.294193956334526,-1,-1,-1,-1,-1,-1
1716,1,0.0263030927671117,0.0263030927671117,0.0263030927671117,0.0263030927671117,0.0263030927671117,0.0263030927671117,0.0263030927671122,0.0263030927671117,0.0263030927671117,0.0263030927671117,0.0263030927671117,0.0263030927671117,0.0263030927671117,0.0263030927671117,0.0263030927671117,0.0263030927671117,0.0263030927671117,0.0263030927671117,0.0263030927671117,0.0263030927671117,0.0263030927671117,0.0263030927671117,-1,-1,-1,-1,-1,-1,-1,-1,-1,-1,-1,-1,-1,-1,-1,-1,-1,-1,-1,-1,-1,-1
8031,1,-1,-1,-1,-1,-1,-1,-1,-1,-1,-1,-1,-1,-1,-1,-1,-1,-1,-1,-1,-1,-1,-1,-1,-1,-1,0.0112406181290954,0.0112406181290954,0.0112406181290949,0.0112406181290954,0.0112406181290954,0.0112406181290949,0.0112406181290954,0.0112406181290949,0.0112406181290954,0.0112406181290954,0.0112406181290949,0.0112406181290954,0.0112406181290954,-1,-1,-1,-1,-1,-1
9483,1,0.0895851805994874,0.148970542771703,0.0419435219169757,-0.0922965419331352,-0.0696081845529837,0.019756291435385,-0.0554275372696817,-0.247961939490209,-0.220454859414137,0.154562870693119,0.534689640932804,-1,-1,-1,-1,-1,-1,-1,-1,-1,-1,-1,-1,-1,-1,-1,-1,-1,-1,-1,-1,-1,-1,-1,-1,-1,-1,-1,-1,-1,-1,-1,-1,-1
13370,1,0.0821867561873502,-1,-1,-1,-1,-1,-1,-1,-1,-1,-1,-1,-1,-1,-1,-1,-1,-1,-1,-1,-1,-1,-1,-1,-1,-1,-1,-1,-1,-1,-1,-1,-1,-1,-1,-1,-1,-1,-1,-1,-1,-1,-1,-1
8095,1,-1,-1,-1,-1,-1,-1,-1,-1,-1,-1,-1,-1,-1,-1,-1,-1,-1,-1,0.0709833860610711,0.0867963324541885,0.149683595895231,0.266644477304756,0.38647413614076,0.436826176807345,0.390607695415219,0.282244196289169,0.162284990908518,0.0534371000560634,-0.0465968498287683,-0.139236148643486,-0.216771901617972,-0.268939790495492,-0.280679017955885,-0.229778355171321,-0.110370663749403,0.0348081192157355,0.129997551430131,-1,-1,-1,-1,-1,-1,-1
8238,1,-1,-1,-1,-1,-1,-1,-1,-1,-1,-1,-1,-1,-1,-1,-1,-1,-1,-1,-1,-1,-1,-1,-1,-1,-1,-1,0.0812785877422636,0.0483325353825274,0.00721683023175534,-0.00867620158444149,0.00568021126553953,0.0211501704834383,0.00844198638296423,-0.026715636513965,-0.0468599171415846,-0.0226821730100263,0.0329470347708098,0.0761122834151985,-1,-1,-1,-1,-1,-1
8225,1,-1,-1,-1,-1,-1,-1,-1,-1,-1,-1,-1,-1,-1,-1,-1,-1,-1,-1,-1,-1,-1,-1,-1,-1,-1,-1,-1,-1,0.349485002168009,0.349485002168009,-0.698970004336019,0.100343331887994,0.100343331887994,0.100343331887994,0.301029995663981,0,-0.1249387366083,-1,-1,-1,-1,-1,-1,-1
1536,1,0.0913964855827869,0.100133615460107,0.0852743514652943,0.0505823293091332,0.0181621972924284,0.00277128288016781,-0.00393606088473852,-0.0204685159481275,-0.0497736396252737,-0.0722262415904242,-0.0665836429858055,-0.0345085075916214,0.000356212792643085,0.0175910131068528,0.0196732215859514,0.0238074849448129,0.0378308407008081,0.0512307690843614,-1,-1,-1,-1,-1,-1,-1,-1,-1,-1,-1,-1,-1,-1,-1,-1,-1,-1,-1,-1,-1,-1,-1,-1,-1,-1
1945,1,0.000533578929841294,0.00053357892984085,0.000533578929841294,0.00053357892984085,0.000533578929841294,0.00053357892984085,0.000533578929841294,0.000533578929841294,0.00053357892984085,0.000533578929841294,0.00053357892984085,0.000533578929841294,0.00053357892984085,0.000533578929841294,0.000533578929841294,-1,-1,-1,-1,-1,-1,-1,-1,-1,-1,-1,-1,-1,-1,-1,-1,-1,-1,-1,-1,-1,-1,-1,-1,-1,-1,-1,-1,-1
8084,1,-1,-1,0.115159716941177,0.105333948836308,0.0853445261150196,0.0591102872942915,0.0335863922322206,0.0151836617816792,0.00625181249007856,0.00308009853619984,-0.00144336717463078,-0.00893750241157409,-0.0194023071746359,-0.0328377814638099,-0.0492439252790975,-0.0682333341335406,-0.0871536247251821,-0.0999363176466437,-0.100398593527649,-0.0876494243484585,-0.0632047520462997,-0.0293664401799032,0.00474510595625688,0.0312899659560171,0.0490299472196551,0.0617499065053382,0.070446425588786,0.0751195044699813,0.0757691431489387,0.072395341625648,0.0654339497260623,0.0566283667539444,0.0464144425352462,0.0358487069147313,0.029450710908391,-1,-1,-1,-1,-1,-1,-1,-1,-1
2233,1,-1,-1,-1,-1,-1,-1,-1,-0.0134602304959488,-0.0134602304959492,-0.0134602304959488,-0.0134602304959488,-0.0134602304959488,-0.0134602304959488,-0.0134602304959488,-0.0134602304959492,-0.0134602304959488,-0.0134602304959488,-0.0134602304959488,-1,-1,-1,-1,-1,-1,-1,-1,-1,-1,-1,-1,-1,-1,-1,-1,-1,-1,-1,-1,-1,-1,-1,-1,-1,-1
4633,1,-1,-1,-1,-1,-1,-1,-1,-1,-1,-1,-1,-1,0.0670694958289629,-0.000904521439144657,-0.0930888056760726,-0.141153630659221,-0.110236063003949,-0.0245902613777045,0.0579653766821547,0.0914379040010582,0.067804106161097,0.0108960852881901,-0.0453404150272525,-0.0758272891529987,-1,-1,-1,-1,-1,-1,-1,-1,-1,-1,-1,-1,-1,-1,-1,-1,-1,-1,-1,-1
8081,1,-1,-1,-1,-1,-1,-1,-1,-1,-1,-1,-1,-1,-1,-1,-1,0.0878303551561381,-0.00110290800075541,-0.00110290800075541,-0.00110290800075497,-0.00110290800075541,-0.00110290800075497,-0.00110290800075541,-0.00110290800075541,-0.00110290800075497,-0.00110290800075541,-0.00110290800075497,-0.00110290800075541,-0.00110290800075541,-0.00110290800075497,-0.00110290800075541,-0.00110290800075541,-0.00110290800075497,-0.00110290800075541,0.00947589188387754,-0.0126810317590889,-1,-1,-1,-1,-1,-1,-1,-1,-1
8076,1,-1,-1,-1,-1,-1,-1,-1,-1,-1,-1,-1,-1,-1,-1,-1,-1,-1,-0.00600644044492871,-0.00600644044491494,-0.00600644044464937,-0.00600644044399257,-0.0060064404431337,-0.00600644044250931,-0.0060064404424458,-0.00600644044295118,-0.00600644044378562,-0.0060064404447191,-0.00600644044565346,-0.00600644044659626,-0.00600644044756926,-0.0060064404485578,-0.00600644044949172,-0.00600644045022891,-0.00600644045062015,-1,-1,-1,-1,-1,-1,-1,-1,-1,-1
13244,1,-1,-1,-1,-1,-1,-1,-1,-1,-1,-1,-1,-1,-1,-1,-1,-1,-1,-1,-1,-1,-1,-1,-1,0.251471216223157,0.168063406043714,0.0632268998054837,0.074486124839245,-1,-1,-1,-1,-1,-1,-1,-1,-1,-1,-1,-1,-1,-1,-1,-1,-1
13245,1,-1,-1,-1,-1,-1,-1,-1,-1,-1,-1,-1,-1,-1,-1,-1,-1,-1,-1,-1,-1,-1,-1,-1,0.221179574230225,0.221179574230225,-0.277548899814458,0.101457640758777,-1,-1,-1,-1,-1,-1,-1,-1,-1,-1,-1,-1,-1,-1,-1,-1,-1
8168,1,-1,-1,-1,-1,-0.0226618140572175,-0.0226618140572172,-0.0226618140572175,-0.0226618140572172,-0.0226618140572175,-0.0226618140572172,-0.0226618140572175,-0.0226618140572172,-0.0226618140572175,-0.0226618140572175,-0.0226618140572172,-0.0226618140572175,-0.0226618140572172,-0.027979909508828,-0.0279799095088278,-0.0279799095088278,-0.0279799095088278,-0.027979909508828,-0.0279799095088278,-0.0279799095088278,-0.0279799095088278,-0.0279799095088278,-0.027979909508828,-0.0279799095088278,-0.0279799095088278,-0.0279799095088278,-0.027979909508828,-0.0279799095088278,-0.0679815091083342,-0.0679815091083342,-0.067981509108334,-0.0679815091083344,-0.0679815091083341,-0.649807153183723,-0.649807153183723,-1,-1,-1,-1,-1
8167,1,-1,-1,-1,-1,-1,0.0964400374670686,0.0992263479732858,0.114987613485519,0.146310044464083,0.175752965771877,0.177094945707351,0.140128101890164,0.0816509886615235,0.0309241237882172,0.00571372728822395,0.00225301812034395,0.00482682675898438,0.00170171461189783,-0.00756248805156012,-0.0166083595674587,-0.0210565417292394,-0.0225667788081179,-0.0255059080271436,-0.0311762763468622,-0.0364253434172475,-0.0375299801988924,-0.0335355757051206,-0.0247799040903014,-0.0102438415395656,0.0103692273713687,0.0319186731811998,0.0452574623145749,-1,-1,-1,-1,-1,-1,-1,-1,-1,-1,-1,-1
14865,1,-1,-1,-1,-1,-1,-1,-1,-0.0214770691502602,-0.0214770691502597,-0.0214770691502597,-0.0214770691502602,-0.0214770691502597,-0.0214770691502597,-0.0214770691502602,-0.0214770691502597,-0.0214770691502602,-0.0214770691502597,-0.0214770691502602,-0.0214770691502597,-0.0214770691502597,-0.0214770691502597,-0.0214770691502602,-0.0214770691502597,-0.0214770691502597,-0.0214770691502602,-0.0214770691502602,-0.0214770691502597,-0.0214770691502597,0.343408593803857,-0.471252321055565,-0.529733591926087,0.24663394533511,0.24663394533511,-0.26748884742543,-0.638782798352702,1.25810179512217,0.223256512540747,-0.223256512540747,0.257304478673285,-1,-1,-1,-1,-1
14866,1,-1,-1,-1,-1,-1,-1,-1,-0.00997833175805063,-0.00997833175805063,-0.00997833175805063,-0.00997833175805063,-0.00997833175805063,-0.00997833175805063,-0.00997833175805063,-0.00997833175805063,-0.00997833175805063,-0.00997833175805063,-0.00997833175805063,-0.00997833175805063,-0.00997833175805063,-0.00997833175805063,-0.00997833175805063,-0.00997833175805019,-0.00997833175805063,-0.00997833175805063,-0.00997833175805063,-0.00997833175805063,-0.00997833175805063,-0.211460345821668,0.268237482267674,-0.042458439022885,-0.105133438533271,-0.105133438533271,0.176091259055681,-0.954242509439325,0.69437425264687,0.0311935201829441,0.602059991327963,-0.0175496395163979,-1,-1,-1,-1,-1
14864,1,-1,-1,-1,-1,-1,-1,-1,-1,-1,-1,-1,-1,-1,-1,-1,-1,-1,-1,-1,-1,-1,-1,-1,-1,-1,-1,-1,-1,-1,-1,-1,-1,-1,-1,-1,0.194228048420689,0.136122135517206,-0.234575581986753,-1,-1,-1,-1,-1,-1
2186,1,-1,-1,-1,-1,-1,-1,-1,-1,-0.0443359409187063,-0.0443359409187059,0.0606249293349053,0.218922225861073,-0.0511745460525432,-0.0285951891679868,-0.0285951891679868,0.189645512697469,-0.226106812680651,0.116495925048078,0.0142909353158425,0.0142909353158425,0.0142909353158425,0.0142909353158425,0.0142909353158425,0.0138730035608754,0.0138730035608754,0.013873003560875,0.0138730035608754,0.0138730035608754,0.0138730035608754,0.0138730035608754,0.0138730035608754,-1,-1,-1,-1,-1,-1,-1,-1,-1,-1,-1,-1,-1
12449,1,-1,-1,-1,-1,-1,-1,-1,-1,-1,-1,-1,-1,-1,-1,-1,-1,-1,-1,-1,-1,-1,-1,-1,-1,-1,-1,-1,-1,-1,-1,-1,-1,-1,-1,-1,-1,-1,0.160622716450561,-0.598757355777877,-1,-1,-1,-1,-1
2193,1,-1,-1,-1,-1,-1,-1,-1,-1,-1,-1,-0.00517954455579916,-0.00517954455579961,-0.00517954455579916,-0.00517954455579916,-0.00517954455579916,-0.00517954455579916,-0.00517954455579916,-0.00517954455579916,-0.00517954455579916,-0.00517954455579961,-0.00132804387190744,-0.00132804387190788,-0.00132804387190788,-0.00132804387190744,-0.00132804387190788,-0.00132804387190744,-0.00132804387190788,-0.00132804387190788,-1,-1,-1,-1,-1,-1,-1,-1,-1,-1,-1,-1,-1,-1,-1,-1
13273,1,-1,-1,-1,-1,-1,-1,-1,-1,-1,-1,-1,-1,-1,-1,-1,-0.0243774153095901,-0.0243774153095901,-0.0243774153095906,-0.0243774153095901,-0.0243774153095901,-0.0243774153095906,-0.0243774153095901,-0.0243774153095901,0.00340868409468786,0.00340868409468831,0.00340868409468831,0.00340868409468786,0.00340868409468831,0.00340868409468831,0.00340868409468831,0.00340868409468786,0.054935371103662,0.054935371103662,0.0549353711036615,-0.0511427465048211,-0.0511427465048215,-0.0511427465048215,-0.0511427465048215,-1,-1,-1,-1,-1,-1
12257,1,-1,-1,-1,-1,-1,-1,-1,-1,-1,-1,-1,0.0171806750473991,0.0167041151284106,0.0150018160334273,0.0115130877197918,0.00661622797569272,0.00144882325830942,-0.0030721011261492,-0.00703125078194056,-0.0111576850888593,-0.0156710168468561,-0.0206943241219228,-0.0260284094483039,-0.0314074705408243,-0.0366621311620969,-0.0414795805581325,-0.0452582002592732,-0.047508904695539,-0.0484734378647276,-0.0491314196717547,-0.0503478862906834,-0.0520000184115683,-0.0531589390994895,-1,-1,-1,-1,-1,-1,-1,-1,-1,-1,-1
8124,1,-1,-1,-1,-1,-1,-1,-1,-1,-1,-1,-1,-1,-1,-1,-1,-1,-1,-1,-1,-1,-1,-1,-1,0.686504075312188,-2.1378717791808,0,0,0,0,0,0,0,0,0,2.1378717791808,-1,-1,-1,-1,-1,-1,-1,-1,-1
1457,1,-1,-1,-1,-1,-1,-1,-1,-1,-1,-1,-1,-1,-0.059419341198736,-0.0618472087179027,-0.0688092771103221,-0.0814990691249569,-0.0984684661862838,-0.115977467164604,-0.129994883558161,-0.138371124978176,-0.141630131379254,-1,-1,-1,-1,-1,-1,-1,-1,-1,-1,-1,-1,-1,-1,-1,-1,-1,-1,-1,-1,-1,-1,-1
4545,1,-1,-1,-1,-1,-1,-1,-1,-1,-1,-1,-1,-1,-0.22357901567111,-0.223579015671109,-0.273001272063738,0.397940008672038,-1,-1,-1,-1,-1,-1,-1,-1,-1,-1,-1,-1,-1,-1,-1,-1,-1,-1,-1,-1,-1,-1,-1,-1,-1,-1,-1,-1
17829,1,-1,-1,-1,-1,-1,-1,-1,-1,-1,-1,-1,-1,-1,-1,-1,-1,-1,-1,-1,-1,-1,-1,-1,-1,-1,-0.0894920334642033,-0.165923003469034,-0.0911143288521064,-0.0911143288521064,0.134112613185355,0.0256995302148192,0.0256995302148192,0.0256995302148193,0.0256995302148193,0.0256995302148193,0.0256995302148192,0.0256995302148193,-0.3199048154279,0.109534945308458,0.109534945308458,-1,-1,-1,-1
11117,1,-1,-1,-1,-1,-1,-1,-1,-1,-1,-1,-1,-1,-0.340252629944644,-0.176753508696833,0.177047863958845,0.54516619203549,0.582400871999419,0.142856552698103,-0.47700056188534,-0.814900813139687,-0.731716612297101,-0.484974656201386,-0.336068942417195,-0.267104936109936,-0.144471689301128,0.0178548519226154,0.111743803454873,0.145205302976433,0.210840755420031,0.280033576691728,0.230599006535684,0.110084325116916,0.157607164291622,0.434892639166203,0.611745329031591,0.344657397527191,-0.204961163240095,-0.496234063786335,-0.295016048294197,0.0292338307568922,-1,-1,-1,-1
15142,1,-1,-1,-1,-1,-1,-1,-1,-1,-1,-1,-1,-1,0.115233428100922,-1,-1,-1,-1,-1,-1,-1,-1,-1,-1,-1,-1,-1,-1,-1,-1,-1,-1,-1,-1,-1,-1,-1,-1,-1,-1,-1,-1,-1,-1,-1
4320,1,-1,-1,-1,-1,-1,-1,-1,-1,-1,-1,-1,-1,-1,-1,0.0074050441936544,0.0074050441936544,0.00740504419365395,0.0074050441936544,0.0074050441936544,0.0074050441936544,0.0074050441936544,0.0074050441936544,0.0074050441936544,0.0074050441936544,0.0074050441936544,0.00740504419365395,0.0074050441936544,0.0074050441936544,0.0074050441936544,0.0074050441936544,-1,-1,-1,-1,-1,-1,-1,-1,-1,-1,-1,-1,-1,-1
9574,1,-1,-1,-1,-1,-1,-1,-1,-1,-1,-1,-1,-1,-1,-1,-1,0.267953536862395,-0.0650887877744615,-0.0650887877744614,-0.241985213063028,0.104209251749556,-0.142667503568732,0.142667503568732,0.286306738843275,-1,-1,-1,-1,-1,-1,-1,-1,-1,-1,-1,-1,-1,-1,-1,-1,-1,-1,-1,-1,-1
2528,1,-1,-1,-1,-1,-1,-1,-1,-1,-1,-1,-1,-1,-1,-1,-1,-1,0.0337447335581489,0.0363660806803203,0.0419834655780376,0.0492138761702665,0.055179614020417,0.0577870082928214,0.0573903700184335,0.0559620174320936,0.055015881431193,0.0547264964688767,0.0544508409275037,0.05312981084775,0.0493596471467632,0.0422964265060899,0.0330251060804732,0.0241977542886467,0.0174922097143262,0.0117770484924886,0.00446544192028853,-0.00558733096231068,-0.0172277526133051,-0.0287370775507934,-0.0393319488116832,-0.0486896904424476,-0.0560190871876443,-0.06048444856195,-0.0622471981430688,-1
9576,1,-1,-1,-1,-1,-1,-1,-1,-1,-1,-1,-1,-1,-1,-1,-1,0.640375289070171,0.079850421433756,0.0798504214337559,0.103540591907069,0.545944049349031,-0.0867343839380707,0.11218150615055,0.010465433678165,-1,-1,-1,-1,-1,-1,-1,-1,-1,-1,-1,-1,-1,-1,-1,-1,-1,-1,-1,-1,-1
9577,1,-1,-1,-1,-1,-1,-1,-1,-1,-1,-1,-1,-1,-1,-1,-1,0.639336110291355,-0.247190130080584,-0.247190130080584,-0.332673277159446,0.49282533511368,-0.0655959503396543,-0.247784483710756,-0.159700842867512,-1,-1,-1,-1,-1,-1,-1,-1,-1,-1,-1,-1,-1,-1,-1,-1,-1,-1,-1,-1,-1
9580,1,-1,-1,-1,-1,-1,-1,-1,-1,-1,-1,-1,-1,-1,-1,-1,0.727541257028557,-0.0295776701692781,-0.0295776701692781,0.359371288000553,0.458814945827803,0.169909365272142,0.0109714370994554,-0.00469512120837989,-1,-1,-1,-1,-1,-1,-1,-1,-1,-1,-1,-1,-1,-1,-1,-1,-1,-1,-1,-1,-1
8074,1,-1,-1,-1,-1,-1,-1,-1,-1,-1,-1,-1,-1,-1,-1,-1,-1,0.0818666866211735,0.0884665648201253,0.0896514564719157,0.073963236818269,0.0439227026215412,0.0119671004965283,-0.0137951168183998,-0.0349501846286762,-0.0552490621965878,-0.0730160002461946,-0.0829994251781319,-0.0827665825404522,-0.0747264002377181,-0.0630568015080573,-0.0503798795789896,-0.0363486821099253,-0.0177920942588088,0.00849290831110094,0.0405154200070421,0.0690268045635674,0.0836963222198905,0.0825969687607744,0.073846082936921,0.0669922737568105,0.0647651929438147,-1,-1,-1
9803,1,-1,-1,-1,-1,-1,-1,-1,-1,-1,-1,-1,-1,-1,-1,-1,-1,-0.0752917392310692,-0.0752917392310692,-0.0752917392310688,-0.0752917392310692,-0.0752917392310688,-0.0752917392310692,-0.0752917392310692,-0.0752917392310688,-0.0752917392310692,-0.0752917392310692,-0.0752917392310688,-0.0752917392310692,-0.0752917392310692,-0.0752917392310688,-1,-1,-1,-1,-1,-1,-1,-1,-1,-1,-1,-1,-1,-1
9804,1,-1,-1,-1,-1,-1,-1,-1,-1,-1,-1,-1,-1,-1,-1,-1,-1,0.0206448816080531,0.0206448816080531,0.0206448816080531,0.0206448816080536,0.0206448816080531,0.0206448816080531,0.0206448816080531,0.0206448816080531,0.0206448816080531,0.0206448816080531,0.0206448816080531,0.0206448816080531,0.0206448816080536,0.0206448816080531,-1,-1,-1,-1,-1,-1,-1,-1,-1,-1,-1,-1,-1,-1
9805,1,-1,-1,-1,-1,-1,-1,-1,-1,-1,-1,-1,-1,-1,-1,-1,-1,-0.07635086046281,-0.0763508604628096,-0.07635086046281,-0.07635086046281,-0.0763508604628096,-0.07635086046281,-0.07635086046281,-0.0763508604628096,-0.07635086046281,-0.07635086046281,-0.0763508604628096,-0.07635086046281,-0.07635086046281,-0.07635086046281,-0.0763508604628096,-1,-1,-1,-1,-1,-1,-1,-1,-1,-1,-1,-1,-1
9806,1,-1,-1,-1,-1,-1,-1,-1,-1,-1,-1,-1,-1,-1,-1,-1,-1,0.075527417106314,0.075527417106314,0.0755274171063141,-0.0548784456067009,-0.0548784456067009,-0.0548784456067009,-0.0548784456067009,-0.0548784456067009,-0.0548784456067008,-0.0548784456067009,-0.0548784456067009,-0.0548784456067009,-0.0548784456067009,-0.0548784456067009,-0.0548784456067009,-1,-1,-1,-1,-1,-1,-1,-1,-1,-1,-1,-1,-1
9807,1,-1,-1,-1,-1,-1,-1,-1,-1,-1,-1,-1,-1,-1,-1,-1,-1,-1,-1,-1,-0.00468354293200193,-0.00468354293200191,-0.00468354293200191,-0.00468354293200182,-0.00468354293200199,-0.00468354293200191,-0.00468354293200188,-0.00468354293200193,-0.00468354293200191,-0.00468354293200193,-0.00468354293200191,-0.00468354293200188,-1,-1,-1,-1,-1,-1,-1,-1,-1,-1,-1,-1,-1
8101,1,-1,-1,-1,-1,-1,-1,-1,-1,-1,-1,-1,-1,-1,-1,-1,-1,-1,-1,0.00515037706576921,0.00515037706563395,0.0051503770654669,0.00515037706535831,0.00515037706523655,0.00515037706491544,0.00515037706427718,0.00515037706336753,0.00515037706232582,0.00515037706127703,0.00515037706031475,0.00515037705953841,0.00515037705903371,0.00515037705879367,0.00515037705869067,0.00515037705856301,0.00515037705834032,0.00515037705808824,0.00515037705792956,-1,-1,-1,-1,-1,-1,-1
8219,1,-1,-1,-1,-1,-1,-1,-1,-1,-1,-1,-1,-1,-1,-1,-1,-1,-1,-1,-1,-1,-1,-1,-1,-1,-1,-1,-1,-0.0155179528248858,-0.00493383328686028,0.0138444628885785,0.0384038941702823,0.0705536341413908,0.111034273374198,0.151953909471966,0.180402594398088,0.191014720555445,0.191218728317702,-1,-1,-1,-1,-1,-1,-1
2365,1,-1,-1,-1,-1,-1,-1,-1,-1,-1,-1,-1,-1,-1,-1,-1,-1,-1,-1,-1,0.039758692263506,0.0397586922635069,0.0397586922635069,0.0397586922635069,0.039758692263506,0.0397586922635069,-0.0368580827039384,-0.0368580827039375,-0.0368580827039384,-0.0368580827039375,-0.000880728252224294,-0.000880728252224294,-0.000880728252224294,-0.000880728252224294,-0.000880728252224294,-0.000880728252224294,-1,-1,-1,-1,-1,-1,-1,-1,-1
2499,1,-1,-1,-1,-1,-1,-1,-1,-1,-1,-1,-1,-1,-1,-1,-1,-1,-1,-1,-1,0.00109757404745148,0.00109757410053546,0.00109757418640077,0.00109757426618717,0.00109757431211732,0.00109757432455315,0.00109757432273394,-1,-1,-1,-1,-1,-1,-1,-1,-1,-1,-1,-1,-1,-1,-1,-1,-1,-1
8144,1,-1,-1,-1,-1,-1,-1,-1,-1,-1,-1,-1,-1,-1,-1,-1,-1,-1,-1,-1,-1,-1,-1,-1,1.85632601977709,-1.85632601977709,0,0,0,0,0,0,0,0,0,2.11449978349366,-1,-1,-1,-1,-1,-1,-1,-1,-1
8028,1,-1,-1,-1,-1,-1,-1,-1,-1,-1,-1,-1,-1,-1,-1,-1,-1,-1,-1,-1,-1,-1,-1,-1,-1,-1,-0.0374358902019919,-0.0374358902019917,-0.0374358902019918,-0.0374358902019918,-0.0374358902019918,-0.0374358902019917,-0.0374358902019918,-0.0374358902019917,-0.0374358902019918,-0.0374358902019918,-0.0374358902019917,-0.0374358902019918,-0.0374358902019917,-1,-1,-1,-1,-1,-1
8244,1,-1,-1,-1,-1,-1,-1,-1,-1,-1,-1,-1,-1,-1,-1,-1,-1,-1,-1,-1,-1,-1,-1,-1,-1,-1,-1,0.110535001416755,0.0977096686437701,0.073003417481607,0.0420777208517133,0.0119784150831285,-0.0122641096568465,-0.028272632130196,-0.0355289071567951,-0.0349348276565164,-0.0290972877007264,-0.0221368381171177,-0.0179093808291125,-1,-1,-1,-1,-1,-1
12050,1,-1,-1,-1,-1,-1,-1,-1,-1,-1,-1,-1,-1,-1,-1,-1,-1,-1,-1,-1,-1,-1,-1,-1,-1,-1,-1,-1,-0.058895189863077,-0.0564811572530433,-0.0510724742153785,-0.0435829638575367,-0.0365777302537511,-0.0321386843428297,-0.0296603514790137,-0.0263097231556042,-0.019822542847415,-0.0103760913053774,0.000397686041477829,0.0113895366684349,0.0221096176065525,0.0311813891756998,0.0362983211987511,-1,-1
7999,1,-1,-1,-1,-1,-1,-1,-1,-1,-1,-1,-1,-1,-1,-1,-1,-1,-1,-1,-1,-1,-1,-1,-1,-1,-1,-1,-1,-1,-1,-1,-1,-1,-1,-1,-1,-1,0.852784868680548,0.334030255766907,-1,-1,-1,-1,-1,-1
8010,1,-1,-1,-1,-1,-1,-1,-1,-1,-1,-1,-1,-1,-1,-1,-1,-1,-1,-1,-1,-1,-1,-1,-1,-1,-1,-1,-1,-1,-1,-1,-1,-1,-1,-1,-1,-1,-1,0.209027317150669,-1,-1,-1,-1,-1,-1
