population_id,1970,1971,1972,1973,1974,1975,1976,1977,1978,1979,1980,1981,1982,1983,1984,1985,1986,1987,1988,1989,1990,1991,1992,1993,1994,1995,1996,1997,1998,1999,2000,2001,2002,2003,2004,2005,2006,2007,2008,2009,2010,2011,2012,2013,2014
1656,1,0.0221909011717458,0.0272465226154037,-0.0088018656112836,-0.0396030059552133,-0.0202663114085677,0.013186165040902,0.00599115450640486,-0.0219814733158405,-0.0097931411173926,0.0406213331370977,0.0611234267978182,0.0195412055933026,-0.0344411315301465,-0.0452320746261812,-0.0254994561210524,-0.0231034788263313,-0.0484597678829761,-0.0732613070463946,-0.0814986294713251,-1,-1,-1,-1,-1,-1,-1,-1,-1,-1,-1,-1,-1,-1,-1,-1,-1,-1,-1,-1,-1,-1,-1,-1,-1
8129,1,0.0642958832392408,0.0642958832392408,0.0642958832392404,0.0642958832392408,0.0642958832392408,0.0642958832392408,0.0642958832392404,0.0642958832392408,0.0642958832392408,0.0642958832392404,0.0642958832392408,0.0642958832392408,0.0642958832392408,0.0642958832392404,0.0642958832392408,0.0642958832392408,-0.0248737110146138,-0.0298438821984055,-0.0248614885456457,-0.0149232922142573,0.0300102988185933,0.0399858299745635,0.0399453193425412,-0.0448143307841256,0.0499614951826088,-1,-1,-1,-1,-1,-1,-1,-1,-1,-1,-1,-1,-1,-1,-1,-1,-1,-1,-1
8130,1,0.00646568797559199,0.00646568797559199,0.00646568797559244,0.00646568797559199,0.00646568797559244,0.00646568797559199,0.00646568797559199,0.00646568797559244,0.00646568797559199,0.00646568797559199,0.00646568797559244,0.00646568797559199,0.00646568797559199,0.00646568797559244,0.00646568797559199,0.00646568797559244,0.00646568797559199,0.00646568797559199,0.00646568797559244,0.00646568797559199,0.00646568797559199,0.0923279585652921,0.0449551997454036,-0.044747054770462,0.00248998951694679,-1,-1,-1,-1,-1,-1,-1,-1,-1,-1,-1,-1,-1,-1,-1,-1,-1,-1,-1
1706,1,0.0211319361437607,0.01457182697711,0.00903814874111397,0.00388909710454266,-0.00110541562563249,-0.00566768476607615,-0.00968013350159991,-0.0134109735682664,-0.0169068846866955,-0.0195990689819454,-0.0210682204054775,-0.0222327022345064,-0.0252199926590237,-0.0314640693289676,-0.0398372968273599,-0.047065413328601,-0.0504252722094418,-0.0501315825028721,-0.0488532424371266,-1,-1,-1,-1,-1,-1,-1,-1,-1,-1,-1,-1,-1,-1,-1,-1,-1,-1,-1,-1,-1,-1,-1,-1,-1
1709,1,0.00185562371474912,-0.00211401361072783,-0.0149600066539124,-0.036682355414809,-0.067281059893407,-0.103665314852194,-0.129968317360845,-0.129084934260898,-0.0977532602890008,-0.04034028517039,0.0243590597770804,0.0698542135174776,0.0787706665251702,0.054712965024541,0.0189979702135687,-0.00528951683419621,-0.00883525991198697,0.000592202274471099,0.00767502017218424,0.00239311752285509,-0.0139073864525758,-0.0318666878080331,-0.0423834334216715,-1,-1,-1,-1,-1,-1,-1,-1,-1,-1,-1,-1,-1,-1,-1,-1,-1,-1,-1,-1,-1
1910,1,0.0653015784066127,0.0814265050440155,0.0759265757311005,0.056801019109328,0.036597723112727,0.0171297235082442,-0.000256786997203218,-0.0081626068353593,-0.0059651917044059,0.000511567548089786,0.00867293424086801,0.0259957532610278,0.0483505405675926,0.0348324020086248,-0.0602289381200816,-0.209749136098175,-0.299224168428854,-0.233408810411852,-0.0530717885128098,0.0965076188621006,0.122866363597793,0.0730027894924632,0.0441534498529639,0.0539214413223448,0.0490338867569582,0.0172324667945993,0.0171202538969513,0.0799754931644108,0.146901511307284,-1,-1,-1,-1,-1,-1,-1,-1,-1,-1,-1,-1,-1,-1,-1
1928,1,0.0803153248401069,0.086492248115507,0.0543541288461222,0.0200770543254847,0.00983849942583559,0.00710701998637919,-0.015119262121944,-0.0537989628612499,-0.0946317674827117,-0.0903250566160723,-0.0409030827735251,0.00831474842189106,0.0303620027102571,0.0354185906028706,0.0292187655122356,-0.00521389862901778,-0.0638711206371916,-0.0939434852587606,-0.0501882630589652,0.0325519456172025,0.0672656957874325,0.0232744760315029,-0.0345142567588947,-1,-1,-1,-1,-1,-1,-1,-1,-1,-1,-1,-1,-1,-1,-1,-1,-1,-1,-1,-1,-1
1925,1,-1,-1,-1,-1,-1,-1,-1,-1,-1,-1,-1,-1,-1,-1,-1,-1,-1,-1,-1,-1,-1,-1,0.120367046888365,0.120367046888365,-1,-1,-1,-1,-1,-1,-1,-1,-1,-1,-1,-1,-1,-1,-1,-1,-1,-1,-1,-1
8011,1,0.0477295056446199,0.0347073335737047,0.0230166505493186,0.0112401301635794,-0.00184161348128331,-0.0125568524832991,-0.0149908330325923,-0.00778690334475751,0.00412871092293088,0.0144754991567195,0.0203535670848165,0.022208047167446,0.0212956980866892,0.0181895649633708,0.0128106294526038,0.0052420367581103,-0.00315914527930605,-0.00967618742072052,-0.0121816896484024,-0.0111303751761787,-0.00869260805213923,-0.00614355420328216,-0.00339626691361072,-0.000844048114839069,0.000437758838311098,0.00094210051964172,0.00300309846028046,0.00730489933867684,0.010960029013761,-1,-1,-1,-1,-1,-1,-1,-1,-1,-1,-1,-1,-1,-1,-1
1813,1,-0.0416557074063291,-0.0416557074063291,-0.0416557074063291,-0.0416557074063291,-0.0416557074063291,-0.0416557074063286,-0.0416557074063295,-0.0416557074063286,-0.0416557074063291,-0.0416557074063291,-0.0416557074063291,-0.0416557074063291,-0.0416557074063286,-0.0416557074063291,-0.0416557074063291,-0.0416557074063291,-0.0416557074063291,-0.0416557074063291,-0.0416557074063286,-0.0416557074063291,-0.0416557074063291,-0.0416557074063291,0.299320139531405,0.299320139531405,0.299320139531404,0.299320139531405,-1,-1,-1,-1,-1,-1,-1,-1,-1,-1,-1,-1,-1,-1,-1,-1,-1,-1
1832,1,-0.0439570121697352,-0.0439570121697352,-0.0439570121697352,-0.0439570121697352,-0.0439570121697352,-0.0439570121697352,-0.0439570121697352,-0.0439570121697352,-0.0439570121697352,-0.0439570121697352,-0.0439570121697352,-0.0439570121697352,-0.0439570121697352,-0.0439570121697357,-0.0439570121697348,-0.0439570121697357,-0.0439570121697352,-0.0439570121697352,-0.0439570121697352,-0.0439570121697352,-0.0439570121697352,-0.0439570121697352,-1,-1,-1,-1,-1,-1,-1,-1,-1,-1,-1,-1,-1,-1,-1,-1,-1,-1,-1,-1,-1,-1
1826,1,-1,-1,-1,-1,-1,-1,-1,-1,-1,-1,-1,0,0,0,0,0,0,0,0,0,0,-1,-1,-1,-1,-1,-1,-1,-1,-1,-1,-1,-1,-1,-1,-1,-1,-1,-1,-1,-1,-1,-1,-1
1815,-1,-1,-1,-1,-1,-1,-1,-1,-1,-1,-1,-1,-1,-1,-1,-1,-1,-1,-1,-1,-1,-1,-1,-1,-1,-1,-1,-1,-1,-1,-1,-1,-1,-1,-1,-1,-1,-1,-1,-1,-1,-1,-1,-1,-1
1879,1,-0.241065059017442,-0.221073885007721,-0.166615141778952,-0.0997152029832384,-0.0373798210272716,0.014642881223859,0.0582777716577749,0.0945401160003576,0.117904168514591,0.118609625273982,0.0910175264384652,0.0408780558474002,-0.0148922364112072,-0.0563060355668927,-0.0705616168456702,-0.0576020024673065,-0.0283120694662742,0.00428769910267324,0.0360650055467047,0.0609977004824924,0.0759224129867775,0.0818434534371049,-1,-1,-1,-1,-1,-1,-1,-1,-1,-1,-1,-1,-1,-1,-1,-1,-1,-1,-1,-1,-1,-1
1877,1,0.00198945611133361,0.00198945611133405,0.00198945611133361,0.00198945611133361,0.00198945611133361,0.00198945611133405,0.00198945611133361,0.00198945611133361,0.00198945611133361,0.00198945611133361,0.00198945611133405,0.00198945611133361,0.00198945611133361,0,0,0,0,0,0,0,0,0,-1,-1,-1,-1,-1,-1,-1,-1,-1,-1,-1,-1,-1,-1,-1,-1,-1,-1,-1,-1,-1,-1
1529,1,0.0024025923651747,-0.00803796683169811,-0.00824437111987741,-0.0376437528670692,-0.0987436353857154,-0.138024237739528,-0.116927364652383,-0.0657220148981574,-0.0381516482805155,-0.0379107842908244,-0.0266939601509364,0.00503268610036312,0.0150728987873618,-0.0309212114799582,-0.101399196258631,-0.12228061068104,-0.0572259448791774,0.0456695042984467,0.0951145204502346,0.0500294212291585,-0.0310044088692605,-0.0474455267637826,0.0307663943989267,0.126282753632719,0.145239026367249,0.0865900464948073,0.0311398003563479,0.0317319974948802,0.0571355907345756,0.0554697016304795,0.0305777198931185,0.0227148228447325,0.0400147024473547,0.0506609685998578,0.0344904561179238,0.00378680140912646,-0.0279970819121154,-0.0615543239669059,-0.0871366138470933,-0.0800064343971716,-0.0396290846338312,-0.005129286134542,-0.00693866978116198,-0.0255753969152295
1695,1,-0.00611907642987797,-0.00611907642987752,-0.00611907642987797,-0.00611907642987797,-0.00611907642987752,-0.00611907642987797,-0.00611907642987797,-0.00611907642987752,-0.00611907642987797,-0.00611907642987752,-0.00611907642987797,-0.278753600952829,0.0413926851582249,-0.0202033860882871,-0.00415595977115757,-0.204119982655925,0.0621479067488444,-0.068881289407813,0.235212711174338,-0.166331421766525,0.1249387366083,-0.259637310505756,0.072550667148612,-1,-1,-1,-1,-1,-1,-1,-1,-1,-1,-1,-1,-1,-1,-1,-1,-1,-1,-1,-1,-1
8201,1,-1,-1,-1,-1,-1,-1,-1,-1,-1,-1,-1,-1,-1,-1,-1,-1,-1,-1,-1,-1,-1,-1,-1,-1,-1,-1,-1,-1,-1,-1,-1,-1,-1,-1,-0.0152524968535586,-0.0152524968535583,-0.0152524968535583,-1,-1,-1,-1,-1,-1,-1
1847,1,0.0265504167412498,0.0265504167412656,0.0265504167412827,0.0265504167413015,0.0265504167413212,0.0265504167413425,0.0265504167413655,0.0265504167413897,0.0265504167414152,0.0265504167414423,0.0265504167414679,0.0265504167414923,0.0265504167415158,0.0265504167415374,0.0265504167415584,0.0265504167415778,0.0265504167415955,0.0265504167416126,0.0265504167416282,0.0265504167416422,0.0265504167416544,0.0265504167416641,0.0265504167416712,0.0265504167416761,0.026550416741679,-1,-1,-1,-1,-1,-1,-1,-1,-1,-1,-1,-1,-1,-1,-1,-1,-1,-1,-1
1758,1,-0.00213882043290026,-0.00213882043290026,-0.00213882043290026,-0.00213882043290026,-0.00213882043290026,-0.00213882043290026,-0.00213882043290026,-0.00213882043290026,-0.00213882043290026,-0.00213882043290026,-0.00213882043289981,-0.00213882043290026,-0.00213882043290026,-0.00213882043290026,-0.00213882043290026,-0.00213882043290026,-0.00213882043290026,-0.00213882043290026,-0.00213882043290026,-0.00213882043290026,-0.00213882043290026,-0.00213882043290026,-0.00213882043290026,-0.00213882043289981,0.644612342013426,-1,-1,-1,-1,-1,-1,-1,-1,-1,-1,-1,-1,-1,-1,-1,-1,-1,-1,-1
8111,1,-1,-1,-1,-1,-1,-1,-1,-1,-1,-1,-1,-1,-1,-1,-1,-1,-1,-1,-1,-1,-1,-1,-1,-1,-1,-1,-0.0130936183316415,-0.0130936183316424,-0.0130936183316415,-0.0130936183316424,-0.0130936183316415,-0.0130936183316415,-0.0130936183316424,-0.0130936183316415,-0.0130936183316415,-0.0130936183316424,-0.0130936183316415,-0.0130936183316415,-1,-1,-1,-1,-1,-1
1716,1,0.0263030927671117,0.0263030927671117,0.0263030927671117,0.0263030927671117,0.0263030927671117,0.0263030927671117,0.0263030927671122,0.0263030927671117,0.0263030927671117,0.0263030927671117,0.0263030927671117,0.0263030927671117,0.0263030927671117,0.0263030927671117,0.0263030927671117,0.0263030927671117,0.0263030927671117,0.0263030927671117,0.0263030927671117,0.0263030927671117,0.0263030927671117,0.0263030927671117,-1,-1,-1,-1,-1,-1,-1,-1,-1,-1,-1,-1,-1,-1,-1,-1,-1,-1,-1,-1,-1,-1
8031,1,-1,-1,-1,-1,-1,-1,-1,-1,-1,-1,-1,-1,-1,-1,-1,-1,-1,-1,-1,-1,-1,-1,-1,-1,-1,0.0112406181290954,0.0112406181290954,0.0112406181290949,0.0112406181290954,0.0112406181290954,0.0112406181290949,0.0112406181290954,0.0112406181290949,0.0112406181290954,0.0112406181290954,0.0112406181290949,0.0112406181290954,0.0112406181290954,-1,-1,-1,-1,-1,-1
2326,1,-1,-1,-1,0.0804385956744118,0.0830114177717103,0.0881570619666807,0.0947947307270784,0.096763602192864,0.0856323518992617,0.0595633481129254,0.0185565908339793,-0.0359418734640005,-0.0947866680402494,-0.139095795780577,-0.147699170534016,-0.109229019907831,-0.0218411976176165,0.100235388762702,0.200085108936749,0.251794256850968,0.207808755112246,0.0651523894494592,-0.111127982844422,-0.225053116648029,-0.212367666731134,-0.0824546028607449,0.0927699348750919,0.229107435358006,0.274458971045925,0.219120589861638,0.0848049833730311,-0.081840381796817,-0.212611341837002,-0.241279904186136,-0.147914229145066,0.0157011584122357,0.156273594448244,0.206405683366443,0.167375392677009,0.0902097925260095,0.0232080299032464,-0.0181569815827345,-0.0404794689258998,-0.050580884045726
8168,1,-1,-1,-1,-1,-0.0226618140572175,-0.0226618140572172,-0.0226618140572175,-0.0226618140572172,-0.0226618140572175,-0.0226618140572172,-0.0226618140572175,-0.0226618140572172,-0.0226618140572175,-0.0226618140572175,-0.0226618140572172,-0.0226618140572175,-0.0226618140572172,-0.027979909508828,-0.0279799095088278,-0.0279799095088278,-0.0279799095088278,-0.027979909508828,-0.0279799095088278,-0.0279799095088278,-0.0279799095088278,-0.0279799095088278,-0.027979909508828,-0.0279799095088278,-0.0279799095088278,-0.0279799095088278,-0.027979909508828,-0.0279799095088278,-0.0679815091083342,-0.0679815091083342,-0.067981509108334,-0.0679815091083344,-0.0679815091083341,-0.649807153183723,-0.649807153183723,-1,-1,-1,-1,-1
4633,1,-1,-1,-1,-1,-1,-1,-1,-1,-1,-1,-1,-1,0.0670694958289629,-0.000904521439144657,-0.0930888056760726,-0.141153630659221,-0.110236063003949,-0.0245902613777045,0.0579653766821547,0.0914379040010582,0.067804106161097,0.0108960852881901,-0.0453404150272525,-0.0758272891529987,-1,-1,-1,-1,-1,-1,-1,-1,-1,-1,-1,-1,-1,-1,-1,-1,-1,-1,-1,-1
8124,1,-1,-1,-1,-1,-1,-1,-1,-1,-1,-1,-1,-1,-1,-1,-1,-1,-1,-1,-1,-1,-1,-1,-1,0.686504075312188,-2.1378717791808,0,0,0,0,0,0,0,0,0,2.1378717791808,-1,-1,-1,-1,-1,-1,-1,-1,-1
8144,1,-1,-1,-1,-1,-1,-1,-1,-1,-1,-1,-1,-1,-1,-1,-1,-1,-1,-1,-1,-1,-1,-1,-1,1.85632601977709,-1.85632601977709,0,0,0,0,0,0,0,0,0,2.11449978349366,-1,-1,-1,-1,-1,-1,-1,-1,-1
8028,1,-1,-1,-1,-1,-1,-1,-1,-1,-1,-1,-1,-1,-1,-1,-1,-1,-1,-1,-1,-1,-1,-1,-1,-1,-1,-0.0374358902019919,-0.0374358902019917,-0.0374358902019918,-0.0374358902019918,-0.0374358902019918,-0.0374358902019917,-0.0374358902019918,-0.0374358902019917,-0.0374358902019918,-0.0374358902019918,-0.0374358902019917,-0.0374358902019918,-0.0374358902019917,-1,-1,-1,-1,-1,-1
7999,1,-1,-1,-1,-1,-1,-1,-1,-1,-1,-1,-1,-1,-1,-1,-1,-1,-1,-1,-1,-1,-1,-1,-1,-1,-1,-1,-1,-1,-1,-1,-1,-1,-1,-1,-1,-1,0.852784868680548,0.334030255766907,-1,-1,-1,-1,-1,-1
8010,1,-1,-1,-1,-1,-1,-1,-1,-1,-1,-1,-1,-1,-1,-1,-1,-1,-1,-1,-1,-1,-1,-1,-1,-1,-1,-1,-1,-1,-1,-1,-1,-1,-1,-1,-1,-1,-1,0.209027317150669,-1,-1,-1,-1,-1,-1
